24.0794327790566
24.038793837267388
23.98805051976572
24.073783388661916
23.913168341910307
24.20823049383423
24.246253472115047
24.27736616161554
24.198002622788874
24.286131666520024
24.18289428747761
24.235635877740886
24.15843263395671
24.219428988631233
24.02685592513046
23.591241931523502
23.6477047552487
23.777771008811406
23.934155761379152
23.985388743730216
23.986684540549707
23.88784946194979
23.810141244381743
23.660639266706646
23.253124619153166
23.05463765019739
22.618704314292433
22.34456432815786
21.401872155718323
21.25291247247158
35.1998445832639
35.524240665320676
35.19599679789989
35.28530352362817
35.495967640327294
35.171571563917404
35.171571563172506
35.41181725948805
35.22800527786305
35.28432665387583
